1001   11  0
1002   12  0
1003   13  0
1003   14  0
1004   15  0
1005   15  0
1006   15  0
1007   15  0
1008   16  0
1009   17  0
1010   18  0
1010   19  0
1011   20  0
1012   21  0
1012   22  0
1012   23  0
1013   24  0
1014   25  0
1015   25  0
1016   26  0
1017   27  0
1017   28  0
1018   29  0
1018   30  0
1019   31  0
1020   31  0
1020   32  0
1020   32  0
1020   32  0
1020   32  0
1020   33  0
1020   34  0
1020   35  0
1020   36  0
1020   37  0
1020   38  0
1020   38  0
1020   38  0
1020   39  0
1020   39  0
1020   39  0
1020   39  0
1020   39  0
1020   39  0
1020   40  0
1020   41  0
1020   42  0
1020   42  0
1020   43  0
1020   43  0
1020   44  0
1020   45  0
1020   45  0
1020   46  0
1020   46  0
1020   47  0
1020   48  0
1020   49  0
1020   49  0
1020   50  0
1020   50  0
1020   51  0
1020   52  0
1020   53  0
1020   53  0
1020   53  0
1020   54  0
1020   55  0
1020   56  0
1020   57  0
1020   58  0
1020   59  0
1020   59  0
1020   60  0
1020   61  0
1020   62  0
1020   63  0
1020   64  0
1020   65  0
1020   66  0
1020   67  0
1020   68  0
1020   69  0
1020   70  0
1021   71  0
1021   72  0
1021   73  0
1021   73  0
1021   74  0
1021   74  0
1021   75  0
1021   75  0
1022   76  0
1023   76  0
1023   77  0
1023   78  0
1023   78  0
1023   78  0
1023   78  0
1024   78  0
1024   79  0
1024   80  0
1024   80  0
1025   80  0
1025   80  0
1026   80  0
1027   80  0
1027   81  0
1027   81  0
1027   81  0
1028   82  0
1029   83  0
1029   83  0
1030   84  0
1030   85  0
1031   86  0
1032   86  0
1033   87  0
1034   88  0
1035   88  0
1036   89  0
1037   90  0
1038   90  0
1039   90  0
1040   90  0
1041   91  0
1042   92  0
1043   92  0
1044   93  0
1045   94  0
1046   95  0
1047   96  0
1048   96  0
1049   96  0
1050   96  0
1051   96  0
1052   96  0
1053   97  0
1054   98  0
1055   99  0
1056   99  0
1057   100  0
1058   101  0
1059   102  0
1060   102  0
1061   102  0
1062   102  0
1063   102  0
1064   102  0
1065   102  0
1066   103  0
1067   104  0
1068   104  0
1069   105  0
1070   106  0
1071   107  0
1072   107  0
1073   108  0
1074   108  0
1075   109  0
1076   109  0
1077   110  0
1078   110  0
1079   111  0
1080   111  0
1081   112  0
1082   112  0
1083   113  0
1084   113  0
1085   114  0
1086   114  0
1087   114  0
1088   114  0
1089   114  0
1090   115  0
1091   115  0
1092   116  0
1093   116  0
1094   116  0
1095   116  0
1096   117  0
1097   118  0
1098   119  0
1099   119  0
1100   120  0
1101   121  0
1102   122  0
1103   123  0
1104   124  0
1105   125  0
1106   125  0
1107   126  0
1108   127  0
1109   128  0
1110   129  0
1111   129  0
1112   129  0
1113   129  0
1114   129  0
1115   129  0
1116   130  0
1117   131  0
1118   131  0
1119   131  0
1120   131  0
1121   132  0
1122   133  0
1123   134  0
1124   135  0
1125   136  0
1126   137  0
1127   138  0
1128   139  0
1129   140  0
1130   140  0
1131   140  0
1132   140  0
1133   140  0
1134   140  0
1135   141  0
1136   142  0
1137   142  0
1138   142  0
1139   142  0
1140   143  0
1141   144  0
1142   145  0
1143   146  0
1144   147  0
1145   147  0
1146   147  0
1147   147  0
1148   147  0
1149   148  0
1150   149  0
1151   149  0
1152   149  0
1153   149  0
1154   150  0
1155   150  0
1156   150  0
1157   150  0
1158   150  0
1159   151  0
1160   152  0
1161   153  0
1162   154  0
1163   154  0
1164   155  0
1165   156  0
1166   157  0
1167   157  0
1168   157  0
1169   157  0
1170   157  0
1171   157  0
1172   157  0
1173   157  0
1174   157  0
1175   157  0
1176   158  0
1177   159  0
1178   160  0
1179   161  0
1180   162  0
1181   163  0
1182   163  0
1183   163  0
1184   164  0
1185   165  0
1186   165  0
1187   166  0
1188   167  0
1189   167  0
1190   167  0
1191   168  0
1192   168  0
1193   169  0
1194   169  0
1195   170  0
1196   171  0
1197   172  0
1198   173  0
1199   173  0
1200   173  0
1201   174  0
1202   175  0
1203   176  0
1204   176  0
1205   177  0
1206   178  0
1207   179  0
1208   180  0
1209   180  0
1210   180  0
1211   180  0
1212   180  0
1213   181  0
1214   182  0
1215   182  0
1216   182  0
1217   182  0
1218   182  0
1219   182  0
1220   182  0
1221   182  0
1222   183  0
1223   183  0
1224   183  0
1225   183  0
1226   183  0
1227   183  0
1228   183  0
1229   184  0
1230   184  0
1231   184  0
1232   184  0
1233   184  0
1234   185  0
1235   185  0
1236   186  0
1237   186  0
1238   186  0
1239   186  0
1240   186  0
1241   186  0
1242   187  0
1243   188  0
1244   188  0
1245   189  0
1246   190  0
1247   191  0
1248   192  0
1249   193  0
1250   193  0
1251   194  0
1252   194  0
1253   194  0
1254   194  0
1255   194  0
1256   194  0
1257   195  0
1258   196  0
1259   197  0
1260   197  0
1261   197  0
1262   197  0
1263   198  0
1264   199  0
1265   200  0
1266   201  0
1267   202  0
1268   203  0
1269   204  0
1270   204  0
1271   204  0
1272   204  0
1273   205  0
1274   205  0
1275   206  0
1276   206  0
1277   207  0
1278   207  0
1279   207  0
1280   207  0
1281   208  0
1282   208  0
1283   208  0
1284   208  0
1285   208  0
1286   208  0
1287   208  0
1288   208  0
1289   208  0
1290   208  0
1291   208  0
1292   208  0
1293   208  0
1294   208  0
1295   208  0
1296   208  0
1297   208  0
1298   208  0
1299   208  0
1300   208  0
1301   208  0
1302   208  0
1303   208  0
1304   208  0
1305   208  0
1306   208  0
1307   208  0
1308   208  0
1309   208  0
1310   208  0
1311   208  0
1312   208  0
1313   208  0
1314   208  0
1315   208  0
1316   208  0
1317   208  0
1318   208  0
1319   208  0
1320   208  0
1321   208  0
1322   208  0
1323   208  0
1324   208  0
1325   208  0
1326   208  0
1327   208  0
1328   208  0
1329   208  0
1330   208  0
1331   208  0
1332   208  0
1333   208  0
1334   208  0
1335   208  0
1336   208  0
1337   208  0
1338   208  0
1339   208  0
1340   208  0
1341   208  0
1342   208  0
1343   208  0
1344   208  0
1345   208  0
1346   208  0
1347   208  0
1348   208  0
1349   208  0
1350   208  0
1351   208  0
1352   208  0
1353   208  0
1354   208  0
1355   209  0
1356   210  0
1357   211  0
1358   212  0
1359   213  0
1360   213  0
1361   213  0
1362   213  0
1363   214  0
1364   214  0
1365   214  0
1366   214  0
1367   214  0
1368   214  0
1369   215  0
1370   216  0
1371   217  0
1372   217  0
1373   217  0
1374   217  0
1375   217  0
1376   217  0
1377   217  0
1378   217  0
1379   217  0
1380   217  0
1381   217  0
1382   217  0
1383   218  0
1384   218  0
1385   218  0
1386   218  0
1387   218  0
1388   218  0
1389   218  0
1390   218  0
1391   218  0
1392   219  0
1393   220  0
1394   220  0
1395   220  0
1396   220  0
1397   220  0
1398   220  0
1399   220  0
1400   220  0
1401   220  0
1402   221  0
1403   222  0
1404   223  0
1405   223  0
1406   223  0
1407   224  0
1408   225  0
1409   225  0
1410   225  0
1411   225  0
1412   225  0
1413   225  0
1414   225  0
1415   225  0
1416   225  0
1417   225  0
1418   225  0
1419   225  0
1420   226  0
1421   227  0
1422   228  0
1423   229  0
1424   229  0
1425   230  0
1426   230  0
1427   230  0
1428   230  0
1429   230  0
1430   231  0
1431   232  0
1432   233  0
1433   234  0
1434   235  0
1435   235  0
1436   236  0
1437   237  0
1438   238  0
1439   239  0
1440   239  0
1441   239  0
1442   239  0
1443   239  0
1444   239  0
1445   239  0
1446   239  0
1447   239  0
1448   239  0
1449   239  0
1450   239  0
1451   239  0
1452   239  0
1453   239  0
1454   239  0
1455   239  0
1456   239  0
1457   239  0
1458   239  0
1459   239  0
1460   239  0
1461   239  0
1462   239  0
1463   239  0
1464   239  0
1465   239  0
1466   240  0
1467   241  0
1468   242  0
1469   243  0
1470   243  0
1471   243  0
1472   243  0
1473   243  0
1474   243  0
1475   243  0
1476   243  0
1477   243  0
1478   243  0
1479   243  0
1480   243  0
1481   243  0
1482   243  0
1483   243  0
1484   243  0
1485   243  0
1486   243  0
1487   243  0
1488   244  0
1489   245  0
1490   245  0
1491   245  0
1492   245  0
1493   246  0
1494   247  0
1495   248  0
1496   249  0
1497   249  0
1498   249  0
1499   250  0
1500   250  0
1501   251  0
1502   252  0
1503   253  0
1504   254  0
1505   255  0
1506   256  0
1507   257  0
1508   258  0
1509   259  0
1510   259  0
1511   260  0
1512   261  0
1513   262  0
1514   263  0
1515   264  0
1516   264  0
1517   264  0
1518   264  0
1519   264  0
1520   264  0
1521   264  0
1522   265  0
1523   266  0
1524   266  0
1525   266  0
1526   266  0
1527   266  0
1528   266  0
1529   266  0
1530   267  0
1531   268  0
1532   269  0
1533   270  0
1534   271  0
1535   271  0
1536   272  0
1537   272  0
1538   272  0
1539   272  0
1540   272  0
1541   273  0
1542   273  0
1543   274  0
1544   274  0
1545   274  0
1546   274  0
1547   275  0
1548   275  0
1549   275  0
1550   275  0
1551   275  0
1552   275  0
1553   275  0
1554   275  0
1555   275  0
1556   275  0
1557   275  0
1558   275  0
1559   276  0
1560   276  0
1561   276  0
1562   276  0
1563   277  0
1564   277  0
1565   277  0
1566   277  0
1567   277  0
1568   277  0
1569   277  0
1570   277  0
1571   277  0
1572   277  0
1573   277  0
1574   277  0
1575   277  0
1576   277  0
1577   277  0
1578   277  0
1579   278  0
1580   278  0
1581   279  0
1582   280  0
1583   280  0
1584   281  0
1585   281  0
1586   282  0
1587   282  0
1588   283  0
1589   284  0
1590   285  0
1591   286  0
1592   286  0
1593   286  0
1594   286  0
1595   286  0
1596   286  0
1597   286  0
1598   286  0
1599   286  0
1600   286  0
1601   286  0
1602   286  0
1603   286  0
1604   286  0
1605   286  0
1606   287  0
1607   288  0
1608   289  0
1609   289  0
1610   289  0
1611   290  0
1612   290  0
1613   291  0
1614   292  0
1615   292  0
1616   292  0
1617   292  0
1618   292  0
1619   293  0
1620   293  0
1621   293  0
1622   293  0
1623   294  0
1624   294  0
1625   294  0
1626   294  0
1627   295  0
1628   295  0
1629   295  0
1630   295  0
1631   295  0
1632   295  0
1633   295  0
1634   295  0
1635   295  0
1636   295  0
1637   295  0
1638   295  0
1639   296  0
1640   297  0
1641   298  0
1642   298  0
1643   298  0
1644   298  0
1645   298  0
1646   298  0
1647   298  0
1648   298  0
1649   299  0
1650   300  0
1651   301  0
1652   302  0
1653   302  0
1654   302  0
1655   302  0
1656   302  0
1657   303  0
1658   304  0
1659   304  0
1660   304  0
1661   304  0
1662   305  0
1663   305  0
1664   305  0
1665   305  0
1666   305  0
1667   305  0
1668   305  0
1669   305  0
1670   305  0
1671   306  0
1672   306  0
1673   307  0
1674   308  0
1675   309  0
1676   309  0
1677   310  0
1678   311  0
1679   312  0
1680   313  0
1681   314  0
1682   315  0
1683   316  0
1684   317  0
1685   318  0
1686   318  0
1687   319  0
1688   319  0
1689   320  0
1690   320  0
1691   321  0
1692   321  0
1693   321  0
1694   322  0
1695   322  0
1696   323  0
1697   323  0
1698   324  0
1699   325  0
1700   325  0
1701   326  0
1702   327  0
1703   328  0
1704   328  0
1705   328  0
1706   329  0
1707   330  0
1708   330  0
1709   331  0
1710   331  0
1711   331  0
1712   331  0
1713   331  0
1714   331  0
1715   331  0
1716   331  0
1717   332  0
1718   333  0
1719   334  0
1720   335  0
1721   335  0
1722   335  0
1723   335  0
1724   335  0
1725   335  0
1726   336  0
1727   337  0
1728   338  0
1729   338  0
1730   338  0
1731   338  0
1732   339  0
1733   339  0
1734   340  0
1735   340  0
1736   340  0
1737   340  0
1738   341  0
1739   342  0
1740   343  0
1741   343  0
1742   343  0
1743   343  0
1744   344  0
1745   345  0
1746   346  0
1747   347  0
1748   348  0
1749   349  0
1750   349  0
1751   350  0
1752   351  0
1753   351  0
1754   351  0
1755   352  0
1756   352  0
1757   352  0
1758   352  0
1759   352  0
1760   352  0
1761   352  0
1762   353  0
1763   353  0
1764   353  0
1765   353  0
1766   353  0
1767   353  0
1768   353  0
1769   353  0
1770   354  0
1771   354  0
1772   354  0
1773   354  0
1774   354  0
1775   355  0
1776   356  0
1777   356  0
1778   357  0
1779   358  0
1780   358  0
1781   359  0
1782   359  0
1783   360  0
1784   360  0
1785   361  0
1786   362  0
1787   362  0
1788   363  0
1789   364  0
1790   365  0
1791   366  0
1792   367  0
1793   367  0
1794   367  0
1795   368  0
1796   368  0
1797   369  0
1798   369  0
1799   369  0
1800   369  0
1801   369  0
1802   369  0
1803   369  0
1804   369  0
1805   369  0
1806   370  0
1807   371  0
1808   371  0
1809   371  0
1810   371  0
1811   371  0
1812   371  0
1813   371  0
1814   372  0
1815   373  0
1816   373  0
1817   374  0
1818   375  0
1819   376  0
1820   376  0
1821   377  0
1822   378  0
1823   379  0
1824   379  0
1825   380  0
1826   381  0
1827   381  0
1828   381  0
1829   381  0
1830   381  0
1831   381  0
1832   382  0
1833   383  0
1834   383  0
1835   383  0
1836   384  0
1837   384  0
1838   385  0
1839   386  0
1840   387  0
1841   388  0
1842   388  0
1843   389  0
1844   389  0
1845   389  0
1846   389  0
1847   389  0
1848   389  0
1849   389  0
1850   389  0
1851   389  0
1852   389  0
1853   390  0
1854   391  0
1855   392  0
1856   392  0
1857   393  0
1858   394  0
1859   395  0
1860   396  0
1861   397  0
1862   398  0
1863   398  0
1864   399  0
1865   399  0
1866   400  0
1867   401  0
1868   401  0
1869   401  0
1870   401  0
1871   402  0
1872   403  0
1873   404  0
1874   405  0
1875   406  0
1876   407  0
1877   407  0
1878   407  0
1879   407  0
1880   407  0
1881   407  0
1882   407  0
1883   407  0
1884   408  0
1885   409  0
1886   409  0
1887   409  0
1888   409  0
1889   410  0
1890   410  0
1891   410  0
1892   411  0
1893   412  0
1894   413  0
1895   413  0
1896   413  0
1897   414  0
1898   415  0
1899   416  0
1900   417  0
1901   418  0
1902   419  0
1903   420  0
1904   421  0
1905   422  0
1906   422  0
1907   423  0
1908   423  0
1909   423  0
1910   423  0
1911   423  0
1912   423  0
1913   423  0
1914   423  0
1915   423  0
1916   423  0
1917   424  0
1918   425  0
1919   426  0
1920   427  0
1921   427  0
1922   428  0
1923   428  0
1924   428  0
1925   428  0
1926   428  0
1927   428  0
1928   428  0
1929   429  0
1930   430  0
1931   431  0
1932   432  0
1933   433  0
1934   434  0
1935   434  0
1936   435  0
1937   436  0
1938   436  0
1939   436  0
1940   437  0
1941   437  0
1942   438  0
1943   439  0
1944   440  0
1945   440  0
1946   441  0
1947   441  0
1948   441  0
1949   441  0
1950   441  0
1951   441  0
1952   441  0
1953   442  0
1954   443  0
1955   444  0
1956   445  0
1957   446  0
1958   447  0
1959   448  0
1960   449  0
1961   450  0
1962   450  0
1963   451  0
1964   452  0
1965   453  0
1966   454  0
1967   454  0
1968   455  0
1969   456  0
1970   457  0
1971   458  0
1972   459  0
1973   459  0
1974   459  0
1975   459  0
1976   460  0
1977   461  0
1978   461  0
1979   461  0
1980   462  0
1981   462  0
1982   462  0
1983   462  0
1984   463  0
1985   463  0
1986   463  0
1987   463  0
1988   463  0
1989   463  0
1990   464  0
1991   464  0
1992   465  0
1993   465  0
1994   466  0
1995   467  0
1996   468  0
1997   469  0
1998   470  0
1999   470  0
2000   470  0
2001   471  0
2002   472  0
2003   473  0
2004   474  0
2005   475  0
2006   475  0
2007   476  0
2008   477  0
2009   477  0
2010   477  0
2011   477  0
2012   477  0
2013   477  0
2014   477  0
2015   477  0
2016   477  0
2017   478  0
2018   479  0
2019   480  0
2020   481  0
2021   482  0
2022   482  0
2023   482  0
2024   483  0
2025   483  0
2026   484  0
2027   484  0
2028   485  0
2029   485  0
2030   486  0
2031   486  0
2032   487  0
2033   488  0
2034   489  0
2035   490  0
2036   490  0
2037   491  0
2038   491  0
2039   491  0
2040   492  0
2041   492  0
2042   493  0
2043   494  0
2044   494  0
2045   494  0
2046   494  0
2047   494  0
2048   495  0
2049   496  0
2050   496  0
2051   497  0
2052   498  0
2053   499  0
2054   500  0
2055   501  0
2056   502  0
2057   502  0
2058   502  0
2059   502  0
2060   502  0
2061   502  0
2062   502  0
2063   502  0
2064   503  0
2065   503  0
2066   503  0
2067   503  0
2068   503  0
2069   503  0
2070   503  0
2071   504  0
2072   505  0
2073   506  0
2074   507  0
2075   507  0
2076   508  0
2077   508  0
2078   508  0
2079   509  0
2080   509  0
2081   509  0
2082   510  0
2083   510  0
2084   510  0
2085   511  0
2086   512  0
2087   513  0
2088   514  0
2089   514  0
2090   514  0
2091   514  0
2092   514  0
2093   514  0
2094   515  0
2095   516  0
2096   517  0
2097   517  0
2098   518  0
2099   518  0
2100   519  0
2101   520  0
2102   521  0
2103   522  0
2104   523  0
2105   524  0
2106   525  0
2107   525  0
2108   525  0
2109   525  0
2110   525  0
2111   525  0
2112   525  0
2113   525  0
2114   525  0
2115   525  0
2116   526  0
2117   526  0
2118   527  0
2119   527  0
2120   528  0
2121   528  0
2122   529  0
2123   530  0
2124   531  0
2125   531  0
2126   531  0
2127   531  0
2128   532  0
2129   532  0
2130   533  0
2131   533  0
2132   534  0
2133   534  0
2134   535  0
2135   535  0
2136   536  0
2137   537  0
2138   538  0
2139   538  0
2140   538  0
2141   539  0
2142   540  0
2143   540  0
2144   540  0
2145   540  0
2146   541  0
2147   541  0
2148   542  0
2149   543  0
2150   544  0
2151   544  0
2152   544  0
2153   544  0
2154   545  0
2155   546  0
2156   547  0
2157   548  0
2158   548  0
2159   549  0
2160   549  0
2161   550  0
2162   550  0
2163   551  0
2164   552  0
2165   553  0
2166   554  0
2167   555  0
2168   555  0
2169   555  0
2170   556  0
2171   557  0
2172   558  0
2173   559  0
2174   559  0
2175   559  0
2176   560  0
2177   560  0
2178   560  0
2179   560  0
2180   560  0
2181   560  0
2182   560  0
2183   560  0
2184   560  0
2185   560  0
2186   560  0
2187   560  0
2188   560  0
2189   560  0
2190   560  0
2191   560  0
2192   560  0
2193   561  0
2194   562  0
2195   562  0
2196   562  0
2197   562  0
2198   562  0
2199   562  0
2200   562  0
2201   562  0
2202   562  0
2203   563  0
2204   564  0
2205   564  0
2206   565  0
2207   566  0
2208   567  0
2209   567  0
2210   567  0
2211   567  0
2212   567  0
2213   567  0
2214   567  0
2215   567  0
2216   567  0
2217   567  0
2218   567  0
2219   568  0
2220   568  0
2221   569  0
2222   569  0
2223   569  0
2224   569  0
2225   569  0
2226   569  0
2227   569  0
2228   569  0
2229   569  0
2230   569  0
2231   569  0
2232   569  0
2233   569  0
2234   569  0
2235   569  0
2236   569  0
2237   570  0
2238   571  0
2239   571  0
2240   572  0
2241   572  0
2242   572  0
2243   572  0
2244   572  0
2245   572  0
2246   572  0
2247   572  0
2248   573  0
2249   574  0
2250   575  0
2251   575  0
2252   575  0
2253   576  0
2254   577  0
2255   578  0
2256   579  0
2257   579  0
2258   579  0
2259   580  0
2260   581  0
2261   582  0
2262   583  0
2263   584  0
2264   584  0
2265   584  0
2266   584  0
2267   584  0
2268   584  0
2269   584  0
2270   584  0
2271   584  0
2272   584  0
2273   584  0
2274   584  0
2275   584  0
2276   584  0
2277   584  0
2278   585  0
2279   585  0
2280   585  0
2281   586  0
2282   586  0
2283   586  0
2284   586  0
2285   586  0
2286   586  0
2287   586  0
2288   586  0
2289   586  0
2290   586  0
2291   586  0
2292   587  0
2293   587  0
2294   587  0
2295   587  0
2296   588  0
2297   589  0
2298   590  0
2299   591  0
2300   592  0
2301   593  0
2302   594  0
2303   594  0
2304   595  0
2305   596  0
2306   596  0
2307   596  0
2308   596  0
2309   596  0
2310   596  0
2311   596  0
2312   597  0
2313   597  0
2314   597  0
2315   597  0
2316   597  0
2317   597  0
2318   597  0
2319   597  0
2320   597  0
2321   597  0
2322   597  0
2323   597  0
2324   597  0
2325   597  0
2326   597  0
2327   597  0
2328   597  0
2329   597  0
2330   597  0
2331   597  0
2332   598  0
2333   599  0
2334   600  0
2335   601  0
2336   601  0
2337   601  0
2338   601  0
2339   601  0
2340   601  0
2341   602  0
2342   602  0
2343   602  0
2344   602  0
2345   602  0
2346   602  0
2347   602  0
2348   602  0
2349   603  0
2350   604  0
2351   604  0
2352   604  0
2353   604  0
2354   604  0
2355   604  0
2356   604  0
2357   604  0
2358   604  0
2359   604  0
2360   604  0
2361   604  0
2362   604  0
2363   604  0
2364   604  0
2365   604  0
2366   604  0
2367   604  0
2368   604  0
2369   604  0
2370   604  0
2371   604  0
2372   604  0
2373   604  0
2374   604  0
2375   604  0
2376   604  0
2377   604  0
2378   604  0
2379   604  0
2380   604  0
2381   604  0
2382   604  0
2383   604  0
2384   604  0
2385   604  0
2386   604  0
2387   604  0
2388   604  0
2389   604  0
2390   604  0
2391   604  0
2392   604  0
2393   604  0
2394   604  0
2395   604  0
2396   604  0
2397   604  0
2398   604  0
2399   604  0
2400   604  0
2401   604  0
2402   604  0
2403   605  0
2404   606  0
2405   607  0
2406   608  0
2407   608  0
2408   609  0
2409   609  0
2410   609  0
2411   609  0
2412   610  0
2413   610  0
2414   611  0
2415   612  0
2416   612  0
2417   295  0
2418   613  0
2419   614  0
2420   615  0
2421   615  0
2422   615  0
2423   615  0
2424   615  0
2425   615  0
2426   616  0
2427   617  0
2428   617  0
2429   617  0
2430   618  0
2431   618  0
2432   619  0
2433   619  0
2434   619  0
2435   620  0
2436   620  0
2437   630  0
2438   630  0
2439   630  0
2440   630  0
2441   630  0
2442   630  0
2443   630  0
2444   630  0
2445   631  0
2446   631  0
2447   632  0
2448   633  0
2449   634  0
2450   635  0
2451   636  0
2452   637  0
2453   637  0
2454   637  0
2455   637  0
2456   637  0
2457   638  0
2458   638  0
2459   638  0
2460   638  0
2461   639  0
2462   639  0
2463   639  0
2464   639  0
2465   640  0
2466   640  0
2467   640  0
2468   641  0
2469   641  0
2470   641  0
2471   641  0
2472   642  0
2473   643  0
2474   644  0
2475   645  0
2476   646  0
2477   647  0
2478   647  0
2479   647  0
2480   648  0
2481   648  0
2482   648  0
2483   649  0
2484   649  0
2485   650  0
2486   650  0
2487   650  0
2488   651  0
2489   651  0
2490   651  0
2491   651  0
2492   651  0
2493   652  0
2494   652  0
2495   652  0
2496   652  0
2497   652  0
2498   652  0
2499   653  0
2500   653  0
2501   653  0
2502   654  0
2503   655  0
2504   655  0
2505   655  0
2506   655  0
2507   655  0
2508   655  0
2509   655  0
2510   655  0
2511   655  0
2512   655  0
2513   655  0
2514   655  0
2515   655  0
2516   655  0
2517   655  0
2518   655  0
2519   655  0
2520   655  0
2521   655  0
2522   656  0
2523   656  0
2524   656  0
2525   656  0
2526   656  0
2527   656  0
2528   656  0
2529   656  0
2530   656  0
2531   656  0
2532   657  0
2533   657  0
2534   657  0
2535   657  0
2536   658  0
2537   658  0
2538   659  0
2539   660  0
2540   661  0
2541   662  0
2542   663  0
2543   664  0
2544   664  0
2545   665  0
2546   665  0
2547   666  0
2548   666  0
2549   667  0
2550   667  0
2551   667  0
2552   667  0
2553   667  0
2554   667  0
2555   668  0
2556   669  0
2557   669  0
2558   670  0
2559   671  0
2560   672  0
2561   672  0
2562   673  0
2563   674  0
2564   674  0
2565   674  0
2566   674  0
2567   674  0
2568   674  0
2569   674  0
2570   674  0
2571   674  0
2572   674  0
2573   674  0
2574   674  0
2575   674  0
2576   674  0
2577   674  0
2578   674  0
2579   674  0
2580   674  0
2581   674  0
2582   674  0
2583   674  0
2584   674  0
2585   674  0
2586   674  0
2587   674  0
2588   674  0
2589   675  0
2590   676  0
2591   677  0
2592   677  0
2593   677  0
2594   678  0
2595   678  0
2596   678  0
2597   679  0
2598   680  0
2599   680  0
2600   681  0
2601   681  0
2602   681  0
2603   681  0
2604   681  0
2605   681  0
2606   682  0
2607   682  0
2608   682  0
2609   682  0
2610   682  0
2611   683  0
2612   684  0
2613   684  0
2614   684  0
2615   685  0
2616   685  0
2617   686  0
2618   687  0
2619   688  0
2620   689  0
2621   690  0
2622   691  0
2623   692  0
2624   693  0
2625   694  0
2626   694  0
2627   694  0
2628   694  0
2629   695  0
2630   696  0
2631   697  0
2632   697  0
2633   697  0
2634   697  0
2635   697  0
2636   698  0
2637   698  0
2638   698  0
2639   698  0
2640   698  0
2641   698  0
2642   698  0
2643   698  0
2644   698  0
2645   698  0
2646   698  0
2647   698  0
2648   698  0
2649   698  0
2650   699  0
2651   700  0
2652   700  0
2653   700  0
2654   700  0
2655   701  0
2656   702  0
2657   703  0
2658   703  0
2659   704  0
2660   705  0
2661   705  0
2662   705  0
2663   705  0
2664   705  0
2665   706  0
2666   707  0
2667   707  0
2668   707  0
2669   707  0
2670   707  0
2671   707  0
2672   707  0
2673   708  0
2674   709  0
2675   709  0
2676   709  0
2677   709  0
2678   709  0
2679   709  0
2680   709  0
2681   709  0
2682   710  0
2683   711  0
2684   712  0
2685   712  0
2686   713  0
2687   714  0
2688   715  0
2689   715  0
2690   716  0
2691   716  0
2692   716  0
2693   716  0
2694   717  0
2695   717  0
2696   718  0
2697   718  0
2698   718  0
2699   719  0
2700   295  0
2701   295  0
2702   295  0
2703   295  0
2704   295  0
2705   295  0
2706   295  0
2707   295  0
2708   295  0
2709   295  0
2710   720  0
2711   295  0
2712   295  0
2713   295  0
2714   721  0
2715   722  0
2716   723  0
2717   724  0
2718   724  0
2719   724  0
2720   725  0
2721   725  0
2722   725  0
2723   726  0
2724   727  0
2725   728  0
2726   729  0
2727   730  0
2728   730  0
2729   731  0
2730   732  0
2731   733  0
2732   733  0
2733   734  0
2734   734  0
2735   734  0
2736   734  0
2737   735  0
2738   736  0
2739   737  0
2740   738  0
2741   739  0
2742   739  0
2743   739  0
2744   739  0
2745   739  0
2746   739  0
2747   740  0
2748   740  0
2749   741  0
2750   742  0
2751   743  0
2752   743  0
2753   744  0
2754   744  0
2755   745  0
2756   746  0
2757   747  0
2758   748  0
2759   749  0
2760   750  0
2761   751  0
2762   751  0
2763   751  0
2764   751  0
2765   751  0
2766   751  0
2767   751  0
2768   752  0
2769   752  0
2770   752  0
2771   752  0
2772   752  0
2773   752  0
2774   753  0
2775   753  0
2776   754  0
2777   754  0
2778   755  0
2779   756  0
2780   757  0
2781   757  0
2782   757  0
2783   757  0
2784   757  0
2785   758  0
2786   758  0
2787   758  0
2788   758  0
2789   759  0
2790   760  0
2791   760  0
2792   760  0
2793   760  0
2794   760  0
2795   760  0
2796   761  0
2797   762  0
2798   763  0
2799   764  0
2800   765  0
2801   765  0
2802   766  0
2803   766  0
2804   766  0
2805   766  0
2806   766  0
2807   767  0
2808   768  0
2809   768  0
2810   768  0
2811   768  0
2812   769  0
2813   770  0
2814   771  0
2815   772  0
2816   773  0
2817   773  0
2818   773  0
2819   774  0
2820   775  0
2821   775  0
2822   776  0
2823   777  0
2824   778  0
2825   779  0
2826   780  0
2827   781  0
2828   781  0
2829   782  0
2830   782  0
2831   782  0
2832   782  0
2833   783  0
2834   783  0
2835   783  0
2836   783  0
2837   785  0
2838   785  0
2839   786  0
2840   787  0
2841   787  0
2842   787  0
2843   787  0
2844   788  0
2845   788  0
2846   788  0
2847   788  0
2848   789  0
2849   789  0
2850   789  0
2851   789  0
2852   790  0
2853   791  0
2854   792  0
2855   792  0
2856   793  0
2857   794  0
2858   795  0
2859   796  0
2860   797  0
2861   798  0
2862   798  0
2863   799  0
2864   799  0
2865   799  0
2866   799  0
2867   799  0
2868   799  0
2869   799  0
2870   799  0
2871   800  0
2872   801  0
2873   801  0
2874   802  0
2875   803  0
2876   804  0
2877   804  0
2878   804  0
2879   804  0
2880   805  0
2881   805  0
2882   805  0
2883   805  0
2884   806  0
2885   806  0
2886   807  0
2887   807  0
2888   807  0
2889   808  0
2890   809  0
2891   810  0
2892   811  0
2893   811  0
2894   811  0
2895   812  0
2896   812  0
2897   812  0
2898   812  0
2899   813  0
2900   814  0
2901   814  0
2902   815  0
2903   815  0
2904   816  0
2905   817  0
2906   818  0
2907   819  0
2908   820  0
2909   820  0
2910   820  0
2911   821  0
2912   822  0
2913   822  0
2914   822  0
2915   823  0
2916   823  0
2917   823  0
2918   823  0
2919   823  0
2920   823  0
2921   824  0
2922   824  0
2923   824  0
2924   824  0
2925   825  0
2926   825  0
2927   825  0
2928   825  0
2929   825  0
2930   825  0
2931   825  0
2932   825  0
2933   825  0
2934   826  0
2935   827  0
2936   828  0
2937   829  0
2938   830  0
2939   831  0
2940   831  0
2941   832  0
2942   832  0
2943   833  0
2944   834  0
2945   834  0
2946   834  0
2947   835  0
2948   835  0
2949   835  0
2950   836  0
2951   836  0
2952   837  0
2953   837  0
2954   838  0
2955   839  0
2956   839  0
2957   840  0
2958   841  0
2959   841  0
2960   842  0
2961   842  0
2962   842  0
2963   842  0
2964   842  0
2965   842  0
2966   842  0
2967   842  0
2968   842  0
2969   842  0
2970   842  0
2971   842  0
2972   843  0
2973   843  0
2974   843  0
2975   843  0
2976   844  0
2977   844  0
2978   844  0
2979   845  0
2980   846  0
2981   846  0
2982   847  0
2983   847  0
2984   848  0
2985   848  0
2986   848  0
2987   849  0
2988   850  0
2989   851  0
2990   852  0
2991   852  0
2992   852  0
2993   852  0
2994   852  0
2995   852  0
2996   853  0
2997   853  0
2998   853  0
2999   854  0
3000   854  0
3001   855  0
3002   856  0
3003   857  0
3004   858  0
3005   858  0
3006   859  0
3007   860  0
3008   860  0
3009   860  0
3010   860  0
3011   861  0
3012   862  0
3013   862  0
3014   862  0
3015   863  0
3016   864  0
3017   864  0
3018   865  0
3019   865  0
3020   866  0
3021   866  0
3022   866  0
3023   867  0
3024   867  0
3025   868  0
3026   868  0
3027   868  0
3028   869  0
3029   870  0
3030   871  0
3031   872  0
3032   873  0
3033   874  0
3034   874  0
3035   874  0
3036   874  0
3037   874  0
3038   875  0
3039   876  0
3040   877  0
3041   878  0
3042   879  0
3043   880  0
3044   881  0
3045   881  0
3046   881  0
3047   881  0
3048   881  0
3049   881  0
3050   881  0
3051   882  0
3052   883  0
3053   884  0
3054   885  0
3055   886  0
3056   887  0
3057   888  0
3058   889  0
3059   889  0
3060   890  0
3061   891  0
3062   891  0
3063   891  0
3064   891  0
3065   892  0
3066   892  0
3067   893  0
3068   893  0
3069   894  0
3070   895  0
3071   896  0
3072   897  0
3073   898  0
3074   899  0
3075   900  0
3076   901  0
3077   902  0
3078   902  0
3079   903  0
3080   904  0
3081   905  0
3082   906  0
3083   907  0
3084   907  0
3085   907  0
3086   907  0
3087   908  0
3088   908  0
3089   908  0
3090   908  0
3091   908  0
3092   908  0
3093   908  0
3094   908  0
3095   908  0
3096   908  0
3097   908  0
3098   908  0
3099   908  0
3100   908  0
3101   908  0
3102   908  0
3103   908  0
3104   908  0
3105   908  0
3106   908  0
3107   908  0
3108   908  0
3109   908  0
3110   908  0
3111   908  0
3112   908  0
3113   908  0
3114   908  0
3115   908  0
3116   908  0
3117   908  0
3118   908  0
3119   909  0
3120   909  0
3121   910  0
3122   911  0
3123   912  0
3124   912  0
3125   913  0
3126   913  0
3127   914  0
3128   915  0
3129   916  0
3130   917  0
3131   918  0
3132   919  0
3133   920  0
3134   920  0
3135   921  0
3136   922  0
3137   922  0
3138   923  0
3139   923  0
3140   924  0
3141   925  0
3142   926  0
3143   926  0
3144   926  0
3145   926  0
3146   926  0
3147   926  0
3148   926  0
3149   926  0
3150   926  0
3151   926  0
3152   926  0
3153   926  0
3154   926  0
3155   927  0
3156   928  0
3157   928  0
3158   928  0
3159   928  0
3160   929  0
3161   929  0
3162   929  0
3163   930  0
3164   931  0
3165   932  0
3166   932  0
3167   932  0
3168   933  0
3169   934  0
3170   934  0
3171   934  0
3172   934  0
3173   934  0
3174   935  0
3175   936  0
3176   937  0
3177   937  0
3178   938  0
3179   939  0
3180   940  0
3181   940  0
3182   941  0
3183   942  0
3184   942  0
3185   942  0
3186   942  0
3187   942  0
3188   942  0
3189   942  0
3190   942  0
3191   943  0
3192   944  0
3193   944  0
3194   945  0
3195   946  0
3196   947  0
3197   947  0
3198   947  0
3199   947  0
3200   948  0
3201   948  0
3202   948  0
3203   948  0
3204   948  0
3205   948  0
3206   948  0
3207   948  0
3208   948  0
3209   948  0
3210   948  0
3211   948  0
3212   948  0
3213   948  0
3214   948  0
3215   948  0
3216   948  0
3217   948  0
3218   948  0
3219   948  0
3220   948  0
3221   948  0
3222   948  0
3223   948  0
3224   948  0
3225   948  0
3226   948  0
3227   948  0
3228   948  0
3229   948  0
3230   948  0
3231   948  0
3232   948  0
3233   949  0
3234   949  0
3235   950  0
3236   951  0
3237   952  0
3238   953  0
3239   953  0
3240   954  0
3241   955  0
3242   956  0
3243   956  0
3244   956  0
3245   956  0
3246   957  0
3247   957  0
3248   957  0
3249   957  0
3250   957  0
3251   958  0
3252   959  0
3253   959  0
3254   959  0
3255   959  0
3256   959  0
3257   959  0
3258   959  0
3259   959  0
3260   960  0
3261   960  0
3262   960  0
3263   961  0
3264   961  0
3265   961  0
3266   962  0
3267   962  0
3268   963  0
3269   963  0
3270   964  0
3271   964  0
3272   965  0
3273   965  0
3274   966  0
3275   966  0
3276   966  0
3277   967  0
3278   967  0
3279   967  0
3280   967  0
3281   967  0
3282   967  0
3283   967  0
3284   967  0
3285   967  0
3286   968  0
3287   968  0
3288   968  0
3289   968  0
3290   968  0
3291   968  0
3292   968  0
3293   968  0
3294   968  0
3295   968  0
3296   968  0
3297   968  0
3298   968  0
3299   969  0
3300   970  0
3301   970  0
3302   970  0
3303   970  0
3304   970  0
3305   971  0
3306   972  0
3307   972  0
3308   972  0
3309   973  0
3310   974  0
3311   975  0
3312   976  0
3313   977  0
3314   978  0
3315   979  0
3316   979  0
3317   980  0
3318   980  0
3319   980  0
3320   980  0
3321   981  0
3322   982  0
3323   983  0
3324   983  0
3325   984  0
3326   984  0
3327   985  0
3328   986  0
3329   987  0
3330   988  0
3331   989  0
3332   990  0
3333   991  0
3334   991  0
3335   992  0
3336   992  0
3337   993  0
3338   994  0
3339   995  0
3340   996  0
3341   996  0
3342   996  0
3343   996  0
3344   996  0
3345   997  0
3346   998  0
1001   1  0
1002   1  0
1003   3  0
1003   3  0
1004   3  0
1005   3  0
1006   3  0
1007   3  0
1008   3  0
1009   3  0
1010   2  0
1010   2  0
1011   1  0
1012   4  0
1012   4  0
1012   1  0
1013   3  0
1014   1  0
1015   3  0
1016   3  0
1017   1  0
1017   2  0
1018   3  0
1018   2  0
1019   1  0
1020   3  0
1020   1  0
1020   3  0
1020   3  0
1020   4  0
1020   2  0
1020   1  0
1020   3  0
1020   4  0
1020   1  0
1020   3  0
1020   3  0
1020   3  0
1020   1  0
1020   1  0
1020   1  0
1020   3  0
1020   3  0
1020   3  0
1020   2  0
1020   3  0
1020   1  0
1020   3  0
1020   4  0
1020   4  0
1020   4  0
1020   2  0
1020   2  0
1020   1  0
1020   3  0
1020   2  0
1020   1  0
1020   1  0
1020   3  0
1020   1  0
1020   3  0
1020   2  0
1020   1  0
1020   1  0
1020   3  0
1020   4  0
1020   3  0
1020   4  0
1020   1  0
1020   3  0
1020   1  0
1020   3  0
1020   4  0
1020   2  0
1020   3  0
1020   3  0
1020   1  0
1020   1  0
1020   1  0
1020   3  0
1020   4  0
1020   3  0
1020   4  0
1020   3  0
1021   3  0
1021   3  0
1021   1  0
1021   3  0
1021   1  0
1021   3  0
1021   3  0
1021   3  0
1022   1  0
1023   4  0
1023   4  0
1023   4  0
1023   5  0
1023   5  0
1023   6  0
1024   6  0
1024   3  0
1024   1  0
1024   1  0
1025   1  0
1025   1  0
1026   3  0
1027   3  0
1027   3  0
1027   3  0
1027   3  0
1028   3  0
1029   1  0
1029   3  0
1030   3  0
1030   1  0
1031   3  0
1032   3  0
1033   3  0
1034   1  0
1035   1  0
1036   4  0
1037   1  0
1038   1  0
1039   3  0
1040   3  0
1041   2  0
1042   3  0
1043   3  0
1044   3  0
1045   2  0
1046   1  0
1047   1  0
1048   1  0
1049   1  0
1050   3  0
1051   3  0
1052   3  0
1053   5  0
1054   4  0
1055   3  0
1056   3  0
1057   2  0
1058   4  0
1059   1  0
1060   1  0
1061   1  0
1062   1  0
1063   1  0
1064   1  0
1065   1  0
1066   3  0
1067   3  0
1068   3  0
1069   1  0
1070   1  0
1071   3  0
1072   3  0
1073   3  0
1074   6  0
1075   1  0
1076   1  0
1077   4  0
1078   4  0
1079   1  0
1080   1  0
1081   4  0
1082   4  0
1083   1  0
1084   1  0
1085   1  0
1086   1  0
1087   1  0
1088   1  0
1089   1  0
1090   4  0
1091   4  0
1092   1  0
1093   1  0
1094   3  0
1095   3  0
1096   3  0
1097   4  0
1098   1  0
1099   3  0
1100   3  0
1101   3  0
1102   6  0
1103   4  0
1104   6  0
1105   1  0
1106   1  0
1107   1  0
1108   1  0
1109   3  0
1110   1  0
1111   2  0
1112   3  0
1113   4  0
1114   6  0
1115   6  0
1116   4  0
1117   1  0
1118   1  0
1119   3  0
1120   3  0
1121   3  0
1122   3  0
1123   4  0
1124   4  0
1125   4  0
1126   2  0
1127   3  0
1128   3  0
1129   1  0
1130   1  0
1131   3  0
1132   3  0
1133   3  0
1134   3  0
1135   3  0
1136   1  0
1137   1  0
1138   3  0
1139   3  0
1140   4  0
1141   1  0
1142   4  0
1143   3  0
1144   1  0
1145   1  0
1146   3  0
1147   3  0
1148   3  0
1149   3  0
1150   1  0
1151   1  0
1152   3  0
1153   3  0
1154   1  0
1155   1  0
1156   3  0
1157   3  0
1158   4  0
1159   1  0
1160   1  0
1161   4  0
1162   4  0
1163   4  0
1164   4  0
1165   3  0
1166   1  0
1167   1  0
1168   4  0
1169   4  0
1170   4  0
1171   4  0
1172   4  0
1173   4  0
1174   4  0
1175   6  0
1176   4  0
1177   4  0
1178   2  0
1179   4  0
1180   3  0
1181   4  0
1182   4  0
1183   4  0
1184   4  0
1185   4  0
1186   4  0
1187   4  0
1188   4  0
1189   4  0
1190   4  0
1191   1  0
1192   3  0
1193   1  0
1194   3  0
1195   3  0
1196   1  0
1197   1  0
1198   4  0
1199   4  0
1200   4  0
1201   3  0
1202   3  0
1203   4  0
1204   4  0
1205   1  0
1206   3  0
1207   1  0
1208   1  0
1209   1  0
1210   1  0
1211   3  0
1212   3  0
1213   3  0
1214   1  0
1215   1  0
1216   1  0
1217   1  0
1218   3  0
1219   3  0
1220   3  0
1221   3  0
1222   3  0
1223   4  0
1224   4  0
1225   3  0
1226   1  0
1227   1  0
1228   3  0
1229   1  0
1230   1  0
1231   3  0
1232   3  0
1233   4  0
1234   4  0
1235   4  0
1236   4  0
1237   4  0
1238   4  0
1239   4  0
1240   4  0
1241   4  0
1242   1  0
1243   1  0
1244   4  0
1245   4  0
1246   3  0
1247   4  0
1248   4  0
1249   1  0
1250   3  0
1251   1  0
1252   1  0
1253   1  0
1254   3  0
1255   3  0
1256   3  0
1257   4  0
1258   4  0
1259   1  0
1260   1  0
1261   3  0
1262   3  0
1263   4  0
1264   4  0
1265   1  0
1266   4  0
1267   1  0
1268   4  0
1269   1  0
1270   1  0
1271   3  0
1272   3  0
1273   4  0
1274   4  0
1275   4  0
1276   4  0
1277   3  0
1278   3  0
1279   3  0
1280   4  0
1281   1  0
1282   1  0
1283   1  0
1284   1  0
1285   1  0
1286   1  0
1287   1  0
1288   1  0
1289   1  0
1290   1  0
1291   1  0
1292   1  0
1293   1  0
1294   1  0
1295   1  0
1296   1  0
1297   1  0
1298   1  0
1299   1  0
1300   1  0
1301   1  0
1302   1  0
1303   1  0
1304   1  0
1305   1  0
1306   1  0
1307   1  0
1308   3  0
1309   3  0
1310   3  0
1311   3  0
1312   3  0
1313   3  0
1314   3  0
1315   3  0
1316   3  0
1317   3  0
1318   3  0
1319   3  0
1320   3  0
1321   3  0
1322   3  0
1323   3  0
1324   3  0
1325   3  0
1326   3  0
1327   3  0
1328   3  0
1329   3  0
1330   3  0
1331   3  0
1332   3  0
1333   3  0
1334   3  0
1335   3  0
1336   3  0
1337   3  0
1338   3  0
1339   3  0
1340   3  0
1341   3  0
1342   3  0
1343   4  0
1344   4  0
1345   4  0
1346   4  0
1347   4  0
1348   4  0
1349   4  0
1350   4  0
1351   4  0
1352   4  0
1353   6  0
1354   6  0
1355   6  0
1356   4  0
1357   3  0
1358   2  0
1359   1  0
1360   1  0
1361   3  0
1362   3  0
1363   1  0
1364   1  0
1365   3  0
1366   3  0
1367   3  0
1368   3  0
1369   4  0
1370   4  0
1371   1  0
1372   1  0
1373   1  0
1374   1  0
1375   1  0
1376   3  0
1377   3  0
1378   3  0
1379   3  0
1380   3  0
1381   4  0
1382   6  0
1383   1  0
1384   1  0
1385   3  0
1386   3  0
1387   4  0
1388   1  0
1389   3  0
1390   3  0
1391   4  0
1392   3  0
1393   1  0
1394   1  0
1395   1  0
1396   1  0
1397   3  0
1398   3  0
1399   3  0
1400   3  0
1401   4  0
1402   3  0
1403   1  0
1404   3  0
1405   3  0
1406   3  0
1407   3  0
1408   1  0
1409   1  0
1410   1  0
1411   1  0
1412   1  0
1413   1  0
1414   1  0
1415   1  0
1416   3  0
1417   3  0
1418   3  0
1419   4  0
1420   1  0
1421   3  0
1422   3  0
1423   4  0
1424   4  0
1425   1  0
1426   1  0
1427   1  0
1428   1  0
1429   4  0
1430   3  0
1431   1  0
1432   4  0
1433   2  0
1434   4  0
1435   4  0
1436   4  0
1437   1  0
1438   1  0
1439   1  0
1440   1  0
1441   1  0
1442   1  0
1443   1  0
1444   1  0
1445   1  0
1446   1  0
1447   1  0
1448   1  0
1449   1  0
1450   1  0
1451   3  0
1452   3  0
1453   3  0
1454   3  0
1455   3  0
1456   3  0
1457   3  0
1458   3  0
1459   3  0
1460   3  0
1461   3  0
1462   3  0
1463   3  0
1464   3  0
1465   4  0
1466   4  0
1467   1  0
1468   3  0
1469   1  0
1470   1  0
1471   1  0
1472   1  0
1473   1  0
1474   1  0
1475   1  0
1476   1  0
1477   1  0
1478   3  0
1479   3  0
1480   3  0
1481   3  0
1482   3  0
1483   3  0
1484   3  0
1485   3  0
1486   3  0
1487   4  0
1488   1  0
1489   1  0
1490   1  0
1491   3  0
1492   3  0
1493   4  0
1494   4  0
1495   4  0
1496   2  0
1497   4  0
1498   4  0
1499   4  0
1500   4  0
1501   4  0
1502   1  0
1503   3  0
1504   4  0
1505   1  0
1506   2  0
1507   4  0
1508   3  0
1509   4  0
1510   4  0
1511   2  0
1512   3  0
1513   3  0
1514   1  0
1515   3  0
1516   3  0
1517   1  0
1518   1  0
1519   3  0
1520   3  0
1521   4  0
1522   1  0
1523   1  0
1524   2  0
1525   3  0
1526   3  0
1527   3  0
1528   3  0
1529   3  0
1530   3  0
1531   1  0
1532   3  0
1533   1  0
1534   3  0
1535   3  0
1536   3  0
1537   3  0
1538   3  0
1539   3  0
1540   3  0
1541   3  0
1542   3  0
1543   1  0
1544   1  0
1545   1  0
1546   1  0
1547   1  0
1548   1  0
1549   1  0
1550   3  0
1551   3  0
1552   3  0
1553   3  0
1554   3  0
1555   3  0
1556   3  0
1557   3  0
1558   3  0
1559   3  0
1560   4  0
1561   4  0
1562   4  0
1563   1  0
1564   1  0
1565   1  0
1566   1  0
1567   1  0
1568   1  0
1569   1  0
1570   1  0
1571   1  0
1572   1  0
1573   3  0
1574   4  0
1575   5  0
1576   5  0
1577   5  0
1578   5  0
1579   1  0
1580   1  0
1581   4  0
1582   1  0
1583   3  0
1584   5  0
1585   3  0
1586   1  0
1587   4  0
1588   1  0
1589   1  0
1590   3  0
1591   1  0
1592   1  0
1593   1  0
1594   1  0
1595   2  0
1596   2  0
1597   3  0
1598   3  0
1599   3  0
1600   3  0
1601   4  0
1602   4  0
1603   4  0
1604   5  0
1605   3  0
1606   1  0
1607   1  0
1608   3  0
1609   3  0
1610   4  0
1611   1  0
1612   3  0
1613   4  0
1614   2  0
1615   2  0
1616   2  0
1617   2  0
1618   2  0
1619   1  0
1620   1  0
1621   1  0
1622   1  0
1623   2  0
1624   2  0
1625   2  0
1626   2  0
1627   2  0
1628   2  0
1629   2  0
1630   2  0
1631   2  0
1632   2  0
1633   2  0
1634   2  0
1635   6  0
1636   6  0
1637   6  0
1638   6  0
1639   3  0
1640   4  0
1641   1  0
1642   1  0
1643   1  0
1644   1  0
1645   3  0
1646   3  0
1647   3  0
1648   3  0
1649   3  0
1650   5  0
1651   2  0
1652   1  0
1653   3  0
1654   4  0
1655   4  0
1656   4  0
1657   3  0
1658   1  0
1659   3  0
1660   3  0
1661   3  0
1662   1  0
1663   1  0
1664   1  0
1665   1  0
1666   3  0
1667   3  0
1668   3  0
1669   3  0
1670   4  0
1671   3  0
1672   3  0
1673   3  0
1674   3  0
1675   3  0
1676   3  0
1677   3  0
1678   3  0
1679   2  0
1680   2  0
1681   1  0
1682   1  0
1683   1  0
1684   2  0
1685   4  0
1686   4  0
1687   1  0
1688   3  0
1689   3  0
1690   5  0
1691   3  0
1692   5  0
1693   5  0
1694   4  0
1695   5  0
1696   5  0
1697   5  0
1698   2  0
1699   4  0
1700   5  0
1701   4  0
1702   2  0
1703   3  0
1704   3  0
1705   5  0
1706   3  0
1707   3  0
1708   5  0
1709   4  0
1710   1  0
1711   1  0
1712   3  0
1713   3  0
1714   4  0
1715   5  0
1716   3  0
1717   3  0
1718   5  0
1719   3  0
1720   1  0
1721   3  0
1722   3  0
1723   3  0
1724   3  0
1725   4  0
1726   6  0
1727   3  0
1728   3  0
1729   3  0
1730   3  0
1731   5  0
1732   4  0
1733   4  0
1734   1  0
1735   1  0
1736   3  0
1737   3  0
1738   3  0
1739   4  0
1740   6  0
1741   6  0
1742   6  0
1743   6  0
1744   3  0
1745   5  0
1746   3  0
1747   3  0
1748   5  0
1749   1  0
1750   5  0
1751   3  0
1752   3  0
1753   4  0
1754   4  0
1755   3  0
1756   3  0
1757   4  0
1758   4  0
1759   5  0
1760   5  0
1761   5  0
1762   4  0
1763   4  0
1764   4  0
1765   4  0
1766   4  0
1767   5  0
1768   5  0
1769   5  0
1770   1  0
1771   1  0
1772   1  0
1773   3  0
1774   3  0
1775   4  0
1776   3  0
1777   5  0
1778   3  0
1779   1  0
1780   1  0
1781   3  0
1782   4  0
1783   4  0
1784   5  0
1785   4  0
1786   3  0
1787   5  0
1788   4  0
1789   3  0
1790   4  0
1791   1  0
1792   1  0
1793   3  0
1794   4  0
1795   3  0
1796   3  0
1797   1  0
1798   1  0
1799   1  0
1800   1  0
1801   3  0
1802   3  0
1803   4  0
1804   4  0
1805   5  0
1806   3  0
1807   4  0
1808   4  0
1809   4  0
1810   4  0
1811   4  0
1812   4  0
1813   4  0
1814   5  0
1815   4  0
1816   5  0
1817   1  0
1818   2  0
1819   3  0
1820   3  0
1821   2  0
1822   4  0
1823   3  0
1824   3  0
1825   3  0
1826   1  0
1827   1  0
1828   1  0
1829   1  0
1830   1  0
1831   1  0
1832   4  0
1833   4  0
1834   4  0
1835   4  0
1836   3  0
1837   3  0
1838   5  0
1839   5  0
1840   3  0
1841   4  0
1842   4  0
1843   1  0
1844   1  0
1845   3  0
1846   3  0
1847   3  0
1848   3  0
1849   4  0
1850   5  0
1851   5  0
1852   5  0
1853   4  0
1854   1  0
1855   3  0
1856   3  0
1857   1  0
1858   3  0
1859   4  0
1860   4  0
1861   4  0
1862   3  0
1863   4  0
1864   3  0
1865   5  0
1866   3  0
1867   4  0
1868   4  0
1869   4  0
1870   4  0
1871   4  0
1872   4  0
1873   4  0
1874   1  0
1875   3  0
1876   3  0
1877   3  0
1878   3  0
1879   3  0
1880   5  0
1881   5  0
1882   5  0
1883   5  0
1884   4  0
1885   3  0
1886   3  0
1887   3  0
1888   5  0
1889   3  0
1890   3  0
1891   3  0
1892   5  0
1893   3  0
1894   3  0
1895   4  0
1896   5  0
1897   1  0
1898   3  0
1899   4  0
1900   4  0
1901   3  0
1902   5  0
1903   5  0
1904   3  0
1905   4  0
1906   5  0
1907   1  0
1908   1  0
1909   1  0
1910   3  0
1911   3  0
1912   3  0
1913   3  0
1914   3  0
1915   4  0
1916   5  0
1917   4  0
1918   4  0
1919   3  0
1920   2  0
1921   4  0
1922   3  0
1923   3  0
1924   5  0
1925   5  0
1926   3  0
1927   4  0
1928   4  0
1929   4  0
1930   5  0
1931   1  0
1932   1  0
1933   2  0
1934   4  0
1935   5  0
1936   4  0
1937   3  0
1938   3  0
1939   3  0
1940   5  0
1941   5  0
1942   4  0
1943   5  0
1944   3  0
1945   4  0
1946   1  0
1947   1  0
1948   3  0
1949   3  0
1950   4  0
1951   5  0
1952   5  0
1953   3  0
1954   3  0
1955   2  0
1956   3  0
1957   3  0
1958   3  0
1959   4  0
1960   1  0
1961   3  0
1962   3  0
1963   4  0
1964   3  0
1965   4  0
1966   3  0
1967   3  0
1968   6  0
1969   4  0
1970   4  0
1971   2  0
1972   5  0
1973   5  0
1974   5  0
1975   5  0
1976   3  0
1977   3  0
1978   3  0
1979   4  0
1980   1  0
1981   1  0
1982   3  0
1983   3  0
1984   1  0
1985   1  0
1986   3  0
1987   3  0
1988   3  0
1989   4  0
1990   3  0
1991   5  0
1992   3  0
1993   3  0
1994   1  0
1995   4  0
1996   3  0
1997   4  0
1998   1  0
1999   1  0
2000   1  0
2001   1  0
2002   4  0
2003   3  0
2004   4  0
2005   4  0
2006   4  0
2007   4  0
2008   1  0
2009   1  0
2010   1  0
2011   1  0
2012   1  0
2013   1  0
2014   3  0
2015   3  0
2016   3  0
2017   3  0
2018   3  0
2019   3  0
2020   3  0
2021   4  0
2022   5  0
2023   5  0
2024   4  0
2025   4  0
2026   3  0
2027   5  0
2028   3  0
2029   5  0
2030   3  0
2031   3  0
2032   4  0
2033   4  0
2034   3  0
2035   3  0
2036   4  0
2037   3  0
2038   4  0
2039   5  0
2040   3  0
2041   3  0
2042   3  0
2043   1  0
2044   1  0
2045   1  0
2046   1  0
2047   3  0
2048   1  0
2049   1  0
2050   5  0
2051   4  0
2052   4  0
2053   4  0
2054   4  0
2055   4  0
2056   1  0
2057   1  0
2058   1  0
2059   1  0
2060   3  0
2061   3  0
2062   3  0
2063   3  0
2064   1  0
2065   1  0
2066   1  0
2067   3  0
2068   3  0
2069   3  0
2070   3  0
2071   4  0
2072   1  0
2073   4  0
2074   4  0
2075   5  0
2076   4  0
2077   4  0
2078   5  0
2079   3  0
2080   3  0
2081   4  0
2082   3  0
2083   4  0
2084   5  0
2085   5  0
2086   4  0
2087   4  0
2088   4  0
2089   4  0
2090   5  0
2091   5  0
2092   4  0
2093   5  0
2094   4  0
2095   1  0
2096   1  0
2097   1  0
2098   3  0
2099   3  0
2100   2  0
2101   1  0
2102   4  0
2103   4  0
2104   4  0
2105   1  0
2106   1  0
2107   1  0
2108   1  0
2109   1  0
2110   1  0
2111   3  0
2112   3  0
2113   3  0
2114   3  0
2115   5  0
2116   5  0
2117   5  0
2118   3  0
2119   3  0
2120   5  0
2121   5  0
2122   3  0
2123   4  0
2124   1  0
2125   1  0
2126   3  0
2127   3  0
2128   4  0
2129   5  0
2130   4  0
2131   5  0
2132   3  0
2133   3  0
2134   3  0
2135   3  0
2136   5  0
2137   3  0
2138   3  0
2139   3  0
2140   5  0
2141   4  0
2142   3  0
2143   3  0
2144   5  0
2145   5  0
2146   3  0
2147   3  0
2148   3  0
2149   3  0
2150   3  0
2151   5  0
2152   5  0
2153   5  0
2154   1  0
2155   3  0
2156   4  0
2157   4  0
2158   4  0
2159   3  0
2160   3  0
2161   3  0
2162   3  0
2163   3  0
2164   5  0
2165   4  0
2166   5  0
2167   1  0
2168   1  0
2169   1  0
2170   5  0
2171   4  0
2172   4  0
2173   3  0
2174   3  0
2175   5  0
2176   1  0
2177   1  0
2178   1  0
2179   1  0
2180   1  0
2181   1  0
2182   3  0
2183   3  0
2184   3  0
2185   3  0
2186   3  0
2187   6  0
2188   6  0
2189   6  0
2190   6  0
2191   6  0
2192   6  0
2193   1  0
2194   4  0
2195   5  0
2196   3  0
2197   3  0
2198   3  0
2199   3  0
2200   3  0
2201   3  0
2202   3  0
2203   1  0
2204   3  0
2205   3  0
2206   1  0
2207   5  0
2208   5  0
2209   1  0
2210   1  0
2211   1  0
2212   1  0
2213   1  0
2214   3  0
2215   3  0
2216   3  0
2217   3  0
2218   3  0
2219   4  0
2220   4  0
2221   5  0
2222   1  0
2223   1  0
2224   1  0
2225   2  0
2226   3  0
2227   3  0
2228   3  0
2229   3  0
2230   3  0
2231   4  0
2232   4  0
2233   4  0
2234   5  0
2235   5  0
2236   5  0
2237   4  0
2238   2  0
2239   4  0
2240   1  0
2241   1  0
2242   3  0
2243   3  0
2244   1  0
2245   1  0
2246   3  0
2247   3  0
2248   3  0
2249   3  0
2250   1  0
2251   3  0
2252   3  0
2253   3  0
2254   3  0
2255   4  0
2256   3  0
2257   3  0
2258   3  0
2259   3  0
2260   3  0
2261   6  0
2262   1  0
2263   2  0
2264   2  0
2265   2  0
2266   2  0
2267   2  0
2268   2  0
2269   2  0
2270   2  0
2271   2  0
2272   2  0
2273   2  0
2274   2  0
2275   2  0
2276   2  0
2277   2  0
2278   3  0
2279   3  0
2280   4  0
2281   1  0
2282   1  0
2283   1  0
2284   1  0
2285   3  0
2286   3  0
2287   3  0
2288   4  0
2289   4  0
2290   5  0
2291   5  0
2292   1  0
2293   1  0
2294   1  0
2295   3  0
2296   1  0
2297   4  0
2298   4  0
2299   4  0
2300   6  0
2301   3  0
2302   4  0
2303   4  0
2304   3  0
2305   1  0
2306   1  0
2307   1  0
2308   3  0
2309   3  0
2310   4  0
2311   4  0
2312   1  0
2313   2  0
2314   1  0
2315   1  0
2316   1  0
2317   3  0
2318   3  0
2319   3  0
2320   3  0
2321   3  0
2322   4  0
2323   4  0
2324   4  0
2325   4  0
2326   4  0
2327   5  0
2328   5  0
2329   5  0
2330   5  0
2331   5  0
2332   5  0
2333   4  0
2334   2  0
2335   3  0
2336   3  0
2337   4  0
2338   5  0
2339   5  0
2340   5  0
2341   1  0
2342   1  0
2343   3  0
2344   3  0
2345   3  0
2346   4  0
2347   4  0
2348   5  0
2349   4  0
2350   4  0
2351   1  0
2352   1  0
2353   1  0
2354   1  0
2355   1  0
2356   1  0
2357   3  0
2358   3  0
2359   3  0
2360   3  0
2361   3  0
2362   3  0
2363   3  0
2364   3  0
2365   3  0
2366   3  0
2367   4  0
2368   4  0
2369   4  0
2370   4  0
2371   4  0
2372   4  0
2373   4  0
2374   1  0
2375   1  0
2376   1  0
2377   3  0
2378   3  0
2379   3  0
2380   3  0
2381   3  0
2382   3  0
2383   3  0
2384   3  0
2385   3  0
2386   3  0
2387   3  0
2388   3  0
2389   4  0
2390   4  0
2391   4  0
2392   4  0
2393   4  0
2394   5  0
2395   5  0
2396   5  0
2397   5  0
2398   5  0
2399   5  0
2400   5  0
2401   5  0
2402   4  0
2403   4  0
2404   5  0
2405   3  0
2406   4  0
2407   5  0
2408   4  0
2409   4  0
2410   5  0
2411   5  0
2412   1  0
2413   3  0
2414   2  0
2415   2  0
2416   2  0
2417   6  0
2418   1  0
2419   1  0
2420   3  0
2421   3  0
2422   3  0
2423   3  0
2424   5  0
2425   5  0
2426   4  0
2427   6  0
2428   6  0
2429   6  0
2430   2  0
2431   2  0
2432   3  0
2433   5  0
2434   5  0
2435   1  0
2436   3  0
2437   1  0
2438   1  0
2439   1  0
2440   1  0
2441   3  0
2442   3  0
2443   3  0
2444   3  0
2445   4  0
2446   4  0
2447   4  0
2448   3  0
2449   4  0
2450   4  0
2451   2  0
2452   3  0
2453   4  0
2454   4  0
2455   4  0
2456   5  0
2457   1  0
2458   3  0
2459   5  0
2460   5  0
2461   1  0
2462   1  0
2463   1  0
2464   5  0
2465   3  0
2466   3  0
2467   5  0
2468   3  0
2469   3  0
2470   3  0
2471   5  0
2472   4  0
2473   3  0
2474   3  0
2475   4  0
2476   1  0
2477   3  0
2478   3  0
2479   3  0
2480   1  0
2481   3  0
2482   3  0
2483   4  0
2484   4  0
2485   1  0
2486   3  0
2487   3  0
2488   1  0
2489   3  0
2490   3  0
2491   3  0
2492   4  0
2493   1  0
2494   1  0
2495   1  0
2496   1  0
2497   5  0
2498   5  0
2499   1  0
2500   5  0
2501   5  0
2502   4  0
2503   3  0
2504   4  0
2505   4  0
2506   4  0
2507   1  0
2508   1  0
2509   3  0
2510   3  0
2511   3  0
2512   4  0
2513   4  0
2514   5  0
2515   5  0
2516   5  0
2517   5  0
2518   5  0
2519   5  0
2520   5  0
2521   5  0
2522   1  0
2523   1  0
2524   3  0
2525   3  0
2526   4  0
2527   4  0
2528   5  0
2529   3  0
2530   4  0
2531   5  0
2532   1  0
2533   2  0
2534   3  0
2535   4  0
2536   1  0
2537   5  0
2538   4  0
2539   4  0
2540   5  0
2541   4  0
2542   3  0
2543   3  0
2544   5  0
2545   5  0
2546   5  0
2547   2  0
2548   2  0
2549   3  0
2550   3  0
2551   3  0
2552   3  0
2553   6  0
2554   6  0
2555   1  0
2556   2  0
2557   4  0
2558   4  0
2559   4  0
2560   4  0
2561   4  0
2562   3  0
2563   1  0
2564   1  0
2565   1  0
2566   1  0
2567   1  0
2568   1  0
2569   1  0
2570   1  0
2571   1  0
2572   1  0
2573   1  0
2574   1  0
2575   2  0
2576   2  0
2577   4  0
2578   4  0
2579   4  0
2580   4  0
2581   4  0
2582   4  0
2583   4  0
2584   4  0
2585   4  0
2586   4  0
2587   4  0
2588   4  0
2589   1  0
2590   4  0
2591   1  0
2592   3  0
2593   3  0
2594   2  0
2595   2  0
2596   3  0
2597   4  0
2598   4  0
2599   5  0
2600   3  0
2601   3  0
2602   3  0
2603   4  0
2604   4  0
2605   4  0
2606   1  0
2607   1  0
2608   2  0
2609   3  0
2610   3  0
2611   4  0
2612   3  0
2613   3  0
2614   4  0
2615   4  0
2616   4  0
2617   1  0
2618   4  0
2619   4  0
2620   4  0
2621   1  0
2622   3  0
2623   4  0
2624   4  0
2625   1  0
2626   1  0
2627   3  0
2628   3  0
2629   4  0
2630   4  0
2631   3  0
2632   3  0
2633   3  0
2634   3  0
2635   3  0
2636   4  0
2637   1  0
2638   1  0
2639   3  0
2640   3  0
2641   3  0
2642   3  0
2643   3  0
2644   3  0
2645   4  0
2646   5  0
2647   5  0
2648   5  0
2649   5  0
2650   2  0
2651   1  0
2652   5  0
2653   3  0
2654   3  0
2655   4  0
2656   3  0
2657   1  0
2658   3  0
2659   4  0
2660   1  0
2661   1  0
2662   1  0
2663   1  0
2664   1  0
2665   3  0
2666   2  0
2667   2  0
2668   4  0
2669   4  0
2670   4  0
2671   6  0
2672   6  0
2673   2  0
2674   1  0
2675   4  0
2676   4  0
2677   4  0
2678   4  0
2679   4  0
2680   4  0
2681   4  0
2682   4  0
2683   4  0
2684   3  0
2685   3  0
2686   4  0
2687   3  0
2688   2  0
2689   2  0
2690   3  0
2691   3  0
2692   3  0
2693   4  0
2694   3  0
2695   3  0
2696   2  0
2697   2  0
2698   2  0
2699   2  0
2700   2  0
2701   2  0
2702   2  0
2703   2  0
2704   2  0
2705   2  0
2706   2  0
2707   2  0
2708   2  0
2709   2  0
2710   2  0
2711   2  0
2712   2  0
2713   2  0
2714   2  0
2715   3  0
2716   3  0
2717   4  0
2718   4  0
2719   4  0
2720   4  0
2721   5  0
2722   5  0
2723   2  0
2724   4  0
2725   3  0
2726   4  0
2727   1  0
2728   1  0
2729   2  0
2730   3  0
2731   3  0
2732   3  0
2733   1  0
2734   1  0
2735   3  0
2736   3  0
2737   4  0
2738   4  0
2739   3  0
2740   3  0
2741   1  0
2742   1  0
2743   1  0
2744   3  0
2745   3  0
2746   4  0
2747   4  0
2748   4  0
2749   3  0
2750   3  0
2751   1  0
2752   1  0
2753   1  0
2754   4  0
2755   2  0
2756   2  0
2757   2  0
2758   3  0
2759   2  0
2760   6  0
2761   1  0
2762   1  0
2763   1  0
2764   3  0
2765   3  0
2766   3  0
2767   4  0
2768   3  0
2769   3  0
2770   3  0
2771   4  0
2772   4  0
2773   5  0
2774   1  0
2775   5  0
2776   1  0
2777   1  0
2778   5  0
2779   1  0
2780   1  0
2781   1  0
2782   1  0
2783   3  0
2784   3  0
2785   2  0
2786   2  0
2787   2  0
2788   2  0
2789   2  0
2790   1  0
2791   1  0
2792   1  0
2793   3  0
2794   5  0
2795   5  0
2796   3  0
2797   1  0
2798   1  0
2799   3  0
2800   1  0
2801   1  0
2802   1  0
2803   1  0
2804   1  0
2805   3  0
2806   3  0
2807   4  0
2808   1  0
2809   1  0
2810   3  0
2811   3  0
2812   3  0
2813   4  0
2814   4  0
2815   3  0
2816   1  0
2817   3  0
2818   3  0
2819   1  0
2820   1  0
2821   3  0
2822   4  0
2823   5  0
2824   1  0
2825   1  0
2826   3  0
2827   1  0
2828   3  0
2829   1  0
2830   1  0
2831   3  0
2832   3  0
2833   1  0
2834   1  0
2835   3  0
2836   3  0
2837   4  0
2838   4  0
2839   4  0
2840   1  0
2841   1  0
2842   3  0
2843   3  0
2844   1  0
2845   1  0
2846   3  0
2847   3  0
2848   1  0
2849   1  0
2850   3  0
2851   3  0
2852   1  0
2853   2  0
2854   1  0
2855   1  0
2856   4  0
2857   4  0
2858   4  0
2859   4  0
2860   4  0
2861   2  0
2862   2  0
2863   1  0
2864   1  0
2865   1  0
2866   1  0
2867   3  0
2868   3  0
2869   3  0
2870   3  0
2871   1  0
2872   3  0
2873   6  0
2874   3  0
2875   4  0
2876   1  0
2877   1  0
2878   3  0
2879   3  0
2880   4  0
2881   4  0
2882   4  0
2883   4  0
2884   3  0
2885   3  0
2886   3  0
2887   3  0
2888   5  0
2889   4  0
2890   3  0
2891   4  0
2892   1  0
2893   1  0
2894   1  0
2895   1  0
2896   1  0
2897   1  0
2898   1  0
2899   2  0
2900   3  0
2901   3  0
2902   4  0
2903   4  0
2904   4  0
2905   4  0
2906   1  0
2907   4  0
2908   1  0
2909   4  0
2910   4  0
2911   4  0
2912   4  0
2913   4  0
2914   4  0
2915   4  0
2916   4  0
2917   4  0
2918   4  0
2919   4  0
2920   4  0
2921   1  0
2922   1  0
2923   1  0
2924   1  0
2925   1  0
2926   1  0
2927   1  0
2928   1  0
2929   3  0
2930   3  0
2931   3  0
2932   3  0
2933   3  0
2934   1  0
2935   1  0
2936   4  0
2937   3  0
2938   2  0
2939   1  0
2940   3  0
2941   3  0
2942   3  0
2943   3  0
2944   1  0
2945   5  0
2946   5  0
2947   1  0
2948   1  0
2949   3  0
2950   1  0
2951   1  0
2952   1  0
2953   1  0
2954   2  0
2955   4  0
2956   4  0
2957   3  0
2958   3  0
2959   3  0
2960   1  0
2961   1  0
2962   1  0
2963   1  0
2964   3  0
2965   3  0
2966   3  0
2967   3  0
2968   3  0
2969   3  0
2970   3  0
2971   3  0
2972   1  0
2973   1  0
2974   3  0
2975   3  0
2976   4  0
2977   4  0
2978   5  0
2979   4  0
2980   1  0
2981   1  0
2982   4  0
2983   4  0
2984   1  0
2985   3  0
2986   3  0
2987   3  0
2988   3  0
2989   6  0
2990   3  0
2991   3  0
2992   3  0
2993   3  0
2994   3  0
2995   3  0
2996   3  0
2997   3  0
2998   6  0
2999   3  0
3000   3  0
3001   3  0
3002   3  0
3003   3  0
3004   3  0
3005   3  0
3006   4  0
3007   2  0
3008   4  0
3009   4  0
3010   4  0
3011   3  0
3012   4  0
3013   6  0
3014   6  0
3015   4  0
3016   1  0
3017   1  0
3018   1  0
3019   1  0
3020   1  0
3021   1  0
3022   1  0
3023   1  0
3024   1  0
3025   1  0
3026   1  0
3027   1  0
3028   4  0
3029   4  0
3030   4  0
3031   4  0
3032   4  0
3033   3  0
3034   3  0
3035   3  0
3036   4  0
3037   4  0
3038   3  0
3039   3  0
3040   3  0
3041   3  0
3042   3  0
3043   3  0
3044   1  0
3045   3  0
3046   4  0
3047   4  0
3048   4  0
3049   4  0
3050   4  0
3051   1  0
3052   3  0
3053   4  0
3054   1  0
3055   3  0
3056   4  0
3057   4  0
3058   1  0
3059   1  0
3060   4  0
3061   1  0
3062   1  0
3063   3  0
3064   3  0
3065   1  0
3066   1  0
3067   1  0
3068   1  0
3069   1  0
3070   1  0
3071   1  0
3072   3  0
3073   4  0
3074   3  0
3075   1  0
3076   3  0
3077   3  0
3078   3  0
3079   3  0
3080   1  0
3081   4  0
3082   3  0
3083   1  0
3084   1  0
3085   3  0
3086   3  0
3087   4  0
3088   4  0
3089   4  0
3090   4  0
3091   4  0
3092   4  0
3093   4  0
3094   4  0
3095   4  0
3096   4  0
3097   1  0
3098   1  0
3099   1  0
3100   1  0
3101   1  0
3102   3  0
3103   3  0
3104   3  0
3105   3  0
3106   3  0
3107   3  0
3108   3  0
3109   3  0
3110   4  0
3111   4  0
3112   4  0
3113   4  0
3114   4  0
3115   4  0
3116   4  0
3117   4  0
3118   4  0
3119   4  0
3120   4  0
3121   4  0
3122   4  0
3123   1  0
3124   3  0
3125   4  0
3126   4  0
3127   1  0
3128   1  0
3129   1  0
3130   3  0
3131   1  0
3132   4  0
3133   4  0
3134   4  0
3135   4  0
3136   1  0
3137   3  0
3138   3  0
3139   3  0
3140   2  0
3141   3  0
3142   2  0
3143   2  0
3144   3  0
3145   3  0
3146   3  0
3147   3  0
3148   3  0
3149   3  0
3150   3  0
3151   3  0
3152   3  0
3153   3  0
3154   3  0
3155   3  0
3156   3  0
3157   4  0
3158   4  0
3159   4  0
3160   6  0
3161   6  0
3162   6  0
3163   3  0
3164   3  0
3165   4  0
3166   5  0
3167   5  0
3168   5  0
3169   2  0
3170   5  0
3171   6  0
3172   6  0
3173   2  0
3174   2  0
3175   1  0
3176   4  0
3177   5  0
3178   3  0
3179   4  0
3180   4  0
3181   5  0
3182   5  0
3183   1  0
3184   1  0
3185   1  0
3186   1  0
3187   3  0
3188   3  0
3189   3  0
3190   3  0
3191   2  0
3192   4  0
3193   4  0
3194   4  0
3195   4  0
3196   4  0
3197   4  0
3198   4  0
3199   4  0
3200   4  0
3201   5  0
3202   5  0
3203   1  0
3204   1  0
3205   1  0
3206   2  0
3207   3  0
3208   3  0
3209   4  0
3210   4  0
3211   4  0
3212   4  0
3213   4  0
3214   4  0
3215   4  0
3216   4  0
3217   4  0
3218   4  0
3219   4  0
3220   4  0
3221   4  0
3222   5  0
3223   5  0
3224   5  0
3225   5  0
3226   5  0
3227   5  0
3228   5  0
3229   5  0
3230   6  0
3231   6  0
3232   6  0
3233   2  0
3234   5  0
3235   4  0
3236   5  0
3237   3  0
3238   4  0
3239   4  0
3240   4  0
3241   3  0
3242   1  0
3243   1  0
3244   3  0
3245   3  0
3246   1  0
3247   1  0
3248   3  0
3249   3  0
3250   4  0
3251   3  0
3252   1  0
3253   1  0
3254   1  0
3255   1  0
3256   3  0
3257   3  0
3258   3  0
3259   3  0
3260   1  0
3261   1  0
3262   3  0
3263   1  0
3264   1  0
3265   4  0
3266   3  0
3267   4  0
3268   3  0
3269   4  0
3270   3  0
3271   4  0
3272   3  0
3273   4  0
3274   3  0
3275   3  0
3276   4  0
3277   1  0
3278   1  0
3279   1  0
3280   3  0
3281   3  0
3282   3  0
3283   3  0
3284   4  0
3285   4  0
3286   1  0
3287   1  0
3288   1  0
3289   3  0
3290   3  0
3291   1  0
3292   1  0
3293   1  0
3294   1  0
3295   3  0
3296   3  0
3297   3  0
3298   3  0
3299   4  0
3300   1  0
3301   1  0
3302   3  0
3303   3  0
3304   3  0
3305   3  0
3306   1  0
3307   3  0
3308   3  0
3309   4  0
3310   1  0
3311   1  0
3312   4  0
3313   1  0
3314   1  0
3315   1  0
3316   3  0
3317   1  0
3318   1  0
3319   1  0
3320   1  0
3321   1  0
3322   1  0
3323   2  0
3324   4  0
3325   1  0
3326   4  0
3327   1  0
3328   3  0
3329   4  0
3330   4  0
3331   6  0
3332   1  0
3333   4  0
3334   4  0
3335   2  0
3336   2  0
3337   3  0
3338   2  0
3339   4  0
3340   1  0
3341   1  0
3342   1  0
3343   4  0
3344   4  0
3345   4  0
3346   1  0
